Webots Project File version R2020a
perspectives: 000000ff00000000fd000000030000000000000170000007fcfc0100000002fb0000001e00480074006d006c0052006f0062006f007400570069006e0064006f00770100000000000001700000006900fffffffb0000001a0044006f00630075006d0065006e0074006100740069006f006e0000000000ffffffff0000006900ffffff0000000100000077000007fcfc0200000001fb0000001400540065007800740045006400690074006f00720100000026000007fc0000004700ffffff0000000300000b370000032cfc0100000001fb0000000e0043006f006e0073006f006c006503000001710000056b00000b37000002ba00000abe000007fc00000001000000020000000100000008fc00000000
simulationViewPerspectives: 000000ff00000001000000020000010e000003590100000002010000000100
sceneTreePerspectives: 000000ff0000000100000002000000c0000000fa0100000002010000000200
minimizedPerspectives: 000000ff00000000fd000000030000000000000170000007fcfc0100000002fb0000001e00480074006d006c0052006f0062006f007400570069006e0064006f00770100000000000001700000006900fffffffb0000001a0044006f00630075006d0065006e0074006100740069006f006e0000000000ffffffff0000006900ffffff000000010000007700000218fc0200000001fb0000001400540065007800740045006400690074006f00720100000026000002180000004700ffffff0000000300000b37000005e2fc0100000001fb0000000e0043006f006e0073006f006c0065010000017200000b370000006900ffffff00000abe0000021800000001000000020000000100000008fc00000000
maximizedDockId: -1
centralWidgetVisible: 1
selectionDisabled: 0
viewpointLocked: 0
orthographicViewHeight: 1
textFiles: -1
robotWindow: robot
renderingDevicePerspectives: e-puck 0:camera_centre;1;2.21875;0;0
renderingDevicePerspectives: e-puck 0:camera_right;1;2.21875;0;0
renderingDevicePerspectives: e-puck 0:camera_left;1;2.21875;0;0
renderingDevicePerspectives: e-puck 0:colour_sensor;1;284;0;0
